226
281
301
370
369
409
456
496
536
576
615
652
750
753
920
941
925
953
998
1000
1028
1070
1120
1193
1198
1240
1283
1320
1376
1437
1470
2020
1726
1887
1677
1680
1742
1945
1825
1866
1947
1924
1985
2073
2090
2176
2180
2201
2531
2283
2410
2372
2570
2475
2507
2599
2585
2667
2687
2731
2782
2814
2865
2912
3005
3008
3042
3088
3083
3089
3142
3305
3225
3267
3811
3361
3400
3588
3488
3531
3773
3959
3938
4429
3778
3810
3868
3956
3934
3978
4016
4184
4102
4159
4206
4234
