232
259
310
348
397
444
497
542
585
628
674
718
777
826
1001
932
979
1004
1105
1218
1149
1199
1250
1291
1344
1379
1427
1579
1540
1581
1636
1668
1733
1837
1856
1890
1970
2154
2029
2083
2290
2329
2243
2306
2357
2410
2435
2512
3140
3103
3252
2905
2750
2889
2845
2988
3121
3002
3058
3183
3278
3236
3244
3299
3390
3398
3444
3485
3570
3578
3641
3691
3791
3826
3873
3913
4036
3989
4068
4120
4193
4094
4184
4361
4580
4406
4372
4623
4463
4502
4556
4734
4655
4760
4906
4829
