98
120
135
142
181
220
235
257
270
278
295
306
328
350
376
447
505
528
555
567
591
590
594
606
623
637
666
679
709
731
764
781
833
857
912
945
1038
1009
1056
1086
1094
1112
1107
1148
1210
1283
1230
1226
1249
1470
1362
1405
1472
1371
1369
1402
1430
1452
1650
1697
1906
2023
1925
1874
1658
1619
1669
1775
1693
1704
1771
1755
1926
1847
1993
2159
2358
2068
2177
2118
2241
2217
2441
2244
2356
2372
2339
2335
2433
2359
2402
2430
2455
2486
2500
2528
