77
98
108
113
128
161
179
199
207
215
230
238
260
344
304
348
367
382
394
416
454
695
454
456
473
488
506
518
536
559
656
658
772
653
681
711
740
735
765
756
783
795
826
843
866
899
896
908
931
926
952
978
981
1011
1095
1070
1065
1094
1165
1126
1198
1221
1215
1211
1400
1247
1257
1286
1294
1352
1345
1356
1468
1403
1429
1462
1482
1602
1520
1536
1564
1579
1598
1623
1650
1628
1635
1656
1664
1674
1688
1716
1731
1758
1787
1809
