77
95
108
113
136
166
182
201
211
216
229
241
260
280
306
348
371
384
396
425
444
432
454
461
472
483
508
517
536
586
578
601
631
803
1235
731
738
733
739
766
775
790
815
848
865
880
893
991
922
924
943
970
977
1007
1082
1057
1067
1086
1110
1122
1148
1168
1179
1208
1302
1269
2434
1338
1334
1321
1427
1365
1393
1415
1563
1471
1712
1511
1525
1902
1569
1585
1593
1691
1660
1673
1681
1767
1717
1721
1739
1894
1778
1802
1829
1904
