174
262
190
290
347
399
312
311
405
436
495
567
582
679
802
1171
573
584
686
847
715
771
816
856
922
977
1039
1095
1158
1204
1321
1804
2500
2654
2160
2545
2406
1956
2293
2305
2304
2177
2143
1671
1928
2502
2389
2352
2416
3008
2408
2577
2435
2720
2305
2228
2280
2370
2454
2597
2564
2677
2682
2766
2949
2915
2952
3005
3089
3143
3418
3325
3372
3432
3864
3636
2481
2538
2592
2616
2791
2768
2814
2860
2896
2950
2971
3032
3087
3223
3224
3272
3298
3489
3690
3429
