243
271
321
358
398
446
506
568
587
633
721
735
797
852
943
996
1101
1241
1177
1178
1207
1241
1273
1367
1398
1497
1543
1901
1955
1874
1926
1975
2228
1913
1915
1958
1989
2040
2059
2125
2230
2458
2385
2369
2546
2529
2602
2537
2923
2819
2915
2759
2804
3146
3145
2938
3020
3017
3132
3204
3184
3211
3265
3417
3434
3430
3463
3516
3607
3587
3651
3719
3792
3822
3887
3940
4012
3999
4064
4129
4209
4187
4241
4376
4447
4459
4457
4572
4526
4564
4650
4701
4728
4831
4869
4808
