97
118
134
142
157
204
235
255
268
276
289
307
326
349
374
441
548
586
615
562
601
598
592
602
623
635
674
679
696
717
748
774
795
820
872
935
996
994
1171
1021
1064
1162
1103
1138
1340
1411
1254
1211
1230
1238
1260
1714
1917
1413
1362
1396
1461
1434
1460
1475
1502
1658
1549
1578
1586
1615
1636
1668
1686
1700
1772
1748
1781
1831
1888
1962
2010
2054
2200
2110
2189
2179
2183
2227
2257
2363
2304
2317
2332
2340
2472
2480
2528
2457
2484
2522
