279
300
353
391
397
443
533
561
586
631
670
717
776
826
956
927
973
1010
1186
1138
1149
1196
1254
1290
1344
1379
1435
2121
1537
1619
1640
1674
2305
2008
1853
1898
1930
1993
2043
2145
2147
2781
2439
2345
2356
2805
2910
2525
3449
2726
2645
2682
2740
3315
3922
2914
2921
2993
3148
3103
3141
3192
3295
3299
3351
3399
3503
3563
3545
3580
3645
3767
3742
3813
3883
3984
3963
3987
4052
4148
4161
4215
4246
4357
4392
4440
4564
4524
4576
4613
4693
4720
4769
4889
4892
4727
