109
124
136
143
160
209
237
260
273
277
295
306
331
352
377
449
494
511
553
609
578
577
596
607
623
638
663
689
751
759
824
815
799
826
882
973
1046
1011
1024
1138
1113
1094
1114
1181
1176
1347
1213
1258
1297
1611
1282
1305
1337
1353
1379
1406
1429
1447
1505
1514
2357
2079
1758
1785
1616
1627
1651
1781
1690
1711
1801
1765
2327
1862
1901
1983
2036
2073
2290
2126
2269
2192
2198
2239
2280
2363
2321
2367
2355
2366
2391
2445
2442
2481
2513
2541
