217
246
293
329
369
412
457
493
533
574
666
653
707
1184
1189
836
897
1175
947
1006
1026
1071
1122
1153
1195
1243
1276
1319
1369
1416
1457
1493
1543
1588
1632
1675
1707
1763
1908
1864
1884
1933
2102
2082
2089
2126
2223
2285
2244
2311
2341
2486
2478
2501
2506
2560
2633
2775
2686
2729
2810
2973
2864
2918
2960
3012
3043
3086
3245
3152
3144
3189
3224
3272
3329
3472
3408
3423
3639
3525
3574
3755
3659
3718
5039
3807
3844
3881
3915
4190
4351
4262
4089
4052
4274
4172
