77
98
111
112
129
160
181
200
209
215
230
240
259
278
304
348
366
383
400
415
437
432
453
467
475
574
622
604
553
588
619
603
645
758
724
711
739
734
743
759
804
802
818
841
863
877
892
904
920
1005
948
972
978
1008
1028
1054
1065
1090
1105
1121
1147
1158
1179
1218
1217
1253
1260
1294
1302
1318
1347
1373
1383
1416
1543
1531
1488
1496
1738
1593
1566
1582
1598
1629
1657
1673
1678
1694
1814
1721
1737
1757
1877
1802
1823
1852
