0.9
0.939583
0.927273
0.934375
0.943452
0.939904
0.939919
0.942361
0.942378
0.938859
0.936765
0.934375
0.935246
0.935038
0.936444
0.936842
0.939043
0.939535
0.938736
0.938932
0.938985
0.940094
0.93964
0.938901
0.940393
0.937798
0.938836
0.939614
0.940248
0.939897
0.940397
0.940144
0.941304
0.941566
0.94269
0.942898
0.942265
0.942675
0.941885
0.941518
0.941107
0.940837
0.940581
0.940741
0.941176
0.941206
0.940368
0.939989
0.939886
0.939787
0.940339
0.940381
0.940182
0.940367
0.939483
0.938949
0.93968
0.939642
0.939476
0.938894
0.938746
0.938521
0.938907
0.938568
0.938474
0.93842
0.937764
0.938579
0.939076
0.93927
0.939031
0.938904
0.939266
0.939242
0.939522
0.939428
0.939173
0.939605
0.939035
0.938668
0.938466
0.938855
0.939234
0.939393
0.939816
0.939906
0.940197
0.939908
0.939909
0.940135
0.940161
0.940049
0.940266
0.940558
0.940419
0.940966
0.94158
0.941332
0.941675
0.941835
0.941617
0.942045
0.941756
0.942224
0.942035
0.942467
0.942726
0.942701
0.942976
0.94304
0.943103
0.943413
0.943471
0.943529
0.943236
0.943077
0.943223
0.943345
0.942872
0.942806
0.942804
0.943193
0.943392
0.94304
0.943136
0.943231
0.943245
0.942866
0.942707
0.942763
0.942819
0.942988
0.943249
0.943468
0.943349
0.943362
0.943319
0.943404
0.943651
0.943714
0.943759
0.943644
0.943724
0.943715
0.943863
0.944043
0.943964
0.944056
0.943826
0.943767
0.943742
0.94413
0.944202
0.944337
0.944326
0.944314
0.944398
0.944227
0.94439
0.944347
0.944351
0.944262
0.944251
0.944164
0.943986
0.943962
0.944254
0.944423
0.944545
0.944504
0.944477
0.94448
0.944614
0.944443
0.944647
0.944592
0.944452
0.944611
0.944388
0.944531
0.94434
0.944247
0.944223
0.944132
0.944164
0.944236
0.944133
0.944124
0.943996
0.944014
0.944164
0.944103
0.944199
0.94419
0.944323
0.944518
0.944406
0.944549
0.944589
0.944654
