201
226
265
294
339
377
422
459
497
532
569
646
676
728
751
838
823
853
911
949
978
1039
1230
1102
1167
1183
1292
1241
1295
1341
1371
1402
1456
1550
1545
1583
1626
1666
1698
1730
1976
1803
1874
1911
1937
2133
2015
2052
2103
2140
2186
2203
2255
2313
2468
2384
2410
2496
2553
2539
2589
2551
2767
2652
2694
2737
2946
2804
2831
3047
3663
3666
3462
3612
3114
3140
3299
3194
3252
3406
3327
3459
3540
3549
3604
3685
3667
3711
3793
3787
3942
3864
3903
3957
4004
4100
