220
331
231
312
436
536
554
691
474
500
605
653
833
854
963
910
1006
1036
1101
1320
943
947
1038
1091
1194
1264
1300
1399
1470
1573
1570
1521
1572
1637
1745
1806
1947
2035
2230
2059
2177
2439
2437
2693
1783
1837
1731
1767
1901
1879
1952
2065
2055
2131
2203
2569
2744
2484
2466
2539
2883
3396
3028
3170
2858
3319
2979
3010
3148
3146
3351
3348
3371
3413
3547
3758
3672
3773
3857
4111
4113
4086
4181
4351
4387
4458
4515
5117
4815
4852
4957
4961
3273
3399
3397
3407
