95
120
135
140
159
206
235
257
270
282
302
309
330
351
378
452
493
513
533
553
618
620
604
615
622
639
662
680
701
726
746
774
797
828
879
944
1113
1037
1028
1105
1076
1084
1109
1146
1169
1186
1208
1220
1238
1522
1276
1305
1330
1348
1372
1413
1422
1497
1483
1484
1563
1656
1562
1590
1594
1627
1750
1681
1710
1711
1782
1764
1785
1843
1903
2072
2042
2076
2119
2128
2162
2192
2321
2259
2287
2316
2365
2337
2360
2361
2387
2412
2437
2557
2522
2482
