218
247
289
324
374
412
459
498
536
578
711
671
745
841
888
840
882
927
976
1003
1032
1074
1238
1201
1288
1246
1284
1418
1503
1429
1467
1502
1561
1656
1729
2013
1734
1800
1983
1952
1901
1932
2041
2055
2139
2122
2357
2211
2253
2301
2342
2398
2447
2516
2523
2574
2598
2653
2774
2746
2798
2823
2933
2933
2977
3058
3036
3022
3060
3270
3153
3188
3314
3279
3339
3367
3409
3432
3499
3540
3581
3620
3663
3733
3918
3836
3807
4003
3860
3890
4245
3985
4176
4070
4119
4392
