77
95
110
116
132
163
183
200
213
216
233
241
260
279
305
354
371
382
395
415
448
433
452
517
557
506
513
520
537
555
1002
724
681
656
682
755
734
739
741
761
785
805
818
844
864
884
896
906
1003
1344
962
978
988
1018
1115
1064
1071
1101
1123
1125
1151
1273
1299
1212
1220
1242
1299
1276
1318
1313
1345
1445
1394
1409
1432
1471
1488
1500
1523
1536
1525
1794
1554
1592
1616
1630
1996
2660
2071
1828
3015
2894
2830
1770
1791
2172
