86
102
112
112
124
165
187
201
209
209
220
225
235
252
270
338
373
383
392
405
426
455
472
434
441
451
466
473
483
503
516
530
546
567
611
675
730
724
734
747
766
766
803
810
833
851
877
891
900
868
1008
906
915
945
990
1002
976
996
1022
1033
1044
1079
1079
1094
1179
1109
1115
1126
1170
1151
1166
1185
1200
1249
1323
1373
1672
1466
1488
1503
1527
1605
1547
1574
1600
1579
1765
1735
1725
1718
1870
1645
1689
1674
1980
1732
