0.583328
0.745364
0.733579
0.789924
0.777771
0.845078
0.849903
0.850687
0.867878
0.881333
0.90168
0.904506
0.918025
0.898561
0.909225
0.914648
0.919402
0.912298
0.910248
0.907399
0.897132
0.900673
0.902144
0.900136
0.907935
0.89814
0.893546
0.901442
0.908089
0.911617
0.914911
0.919864
0.922093
0.923603
0.923319
0.92526
0.921723
0.919944
0.913677
0.916163
0.913204
0.91322
0.915079
0.918202
0.915904
0.911988
0.908241
0.911656
0.909282
0.909771
0.913339
0.918666
0.923417
0.923968
0.92163
0.921489
0.920316
0.918164
0.919761
0.918348
0.919888
0.918519
0.921258
0.921142
0.922846
0.923603
0.924043
0.921577
0.922605
0.923884
0.920141
0.920599
0.91889
0.920947
0.919541
0.91869
0.919648
0.917306
0.919003
0.918202
0.917178
0.915701
0.917334
0.918461
0.918638
0.92018
0.921234
0.920704
0.920406
0.921205
0.919615
0.921471
0.92181
0.921725
0.921848
0.922582
0.923502
0.923803
0.921326
0.921839
0.922342
0.924564
0.922557
0.926052
0.924629
0.926006
0.925892
0.926686
0.927107
0.927876
0.928102
0.928849
0.929235
0.930474
0.930158
0.930017
0.928372
0.927916
0.926646
0.928007
0.92789
0.928737
0.928615
0.927391
0.92603
0.926554
0.927378
0.925284
0.926712
0.92571
0.927411
0.926715
0.92603
0.928566
0.927732
0.926623
0.927101
0.927713
0.927753
0.926676
0.926723
0.926908
0.927637
0.927948
0.928525
0.929093
0.927925
0.926113
0.925768
0.924906
0.924315
0.924632
0.9252
0.924745
0.923918
0.923227
0.924412
0.92385
0.923173
0.922626
0.921843
0.921914
0.921985
0.922054
0.921649
0.920543
0.92179
0.921859
0.923314
0.922684
0.923317
0.923376
0.92445
0.924389
0.926114
0.926156
0.925313
0.926127
0.926604
0.92675
0.926894
0.927573
0.929419
0.929228
0.929884
0.930112
0.929607
0.928692
0.929027
0.928022
0.928459
0.927061
0.927296
0.928132
0.928459
0.929181
0.929103
0.929125
0.929931
0.930729
